1 53
1 76
1 100
1 216
1 298
1 305
2 83
2 87
2 117
2 271
2 290
2 344
2 363
2 391
2 400
2 417
2 489
3 40
3 66
3 149
3 154
3 161
3 180
3 201
3 212
3 226
3 257
3 274
3 310
3 313
3 316
3 442
3 451
3 494
4 12
4 75
4 102
4 113
4 122
4 185
4 205
4 263
4 287
4 458
4 482
5 88
5 96
5 147
5 189
5 216
5 230
5 233
5 246
5 249
5 295
5 368
5 470
6 48
6 72
6 80
6 118
6 154
6 181
6 224
6 253
6 267
6 301
6 333
6 352
6 391
6 395
6 407
7 12
7 93
7 140
7 275
7 338
7 411
7 419
7 446
7 478
8 30
8 66
8 227
8 248
8 279
8 357
8 427
8 488
9 54
9 113
9 124
9 143
9 163
9 266
9 275
9 320
9 362
9 372
9 377
9 382
9 441
9 451
9 496
10 3
10 88
10 158
10 191
10 256
10 330
10 342
10 345
10 391
10 423
11 13
11 97
11 110
11 118
11 129
11 154
11 186
11 211
11 253
11 271
11 417
11 493
12 18
12 48
12 59
12 148
12 304
12 312
12 338
12 360
12 369
12 395
12 420
12 442
13 81
13 207
13 215
13 357
13 399
13 405
13 446
13 477
14 24
14 59
14 93
14 112
14 221
14 275
14 333
14 342
14 375
14 410
14 413
14 467
15 5
15 38
15 75
15 97
15 118
15 127
15 158
15 267
15 304
15 371
15 395
15 436
16 54
16 88
16 122
16 145
16 149
16 154
16 194
16 363
16 391
16 407
16 424
16 428
16 457
16 460
17 12
17 27
17 80
17 104
17 113
17 182
17 211
17 240
17 251
17 268
17 272
17 280
17 333
17 348
17 378
17 402
17 450
17 484
18 244
18 300
18 343
18 355
18 373
18 409
18 441
19 13
19 36
19 93
19 117
19 162
19 183
19 198
19 256
19 260
19 267
19 329
19 446
20 48
20 58
20 65
20 71
20 97
20 101
20 132
20 333
20 418
20 428
21 32
21 87
21 112
21 148
21 217
21 220
21 229
21 263
21 278
21 310
21 323
21 338
21 357
21 391
21 396
21 408
21 472
21 497
22 27
22 53
22 153
22 211
22 272
22 300
22 367
22 400
22 464
22 494
23 3
23 58
23 117
23 130
23 174
23 266
23 285
23 313
23 362
23 422
23 427
23 431
23 453
23 485
24 40
24 123
24 143
24 159
24 329
24 404
24 482
25 33
25 44
25 64
25 71
25 97
25 139
25 223
25 236
25 239
25 295
25 307
25 318
25 338
25 343
25 388
25 417
26 48
26 53
26 102
26 183
26 203
26 229
26 259
26 271
26 288
26 333
26 445
26 473
26 494
27 4
27 25
27 59
27 88
27 116
27 131
27 155
27 220
27 370
27 399
27 441
27 458
28 126
28 193
28 216
28 309
28 349
28 353
28 358
28 423
28 450
28 462
29 44
29 48
29 159
29 290
29 307
29 317
29 362
29 456
29 474
30 13
30 103
30 136
30 185
30 263
30 277
30 283
30 327
30 334
30 338
30 391
30 395
30 491
31 19
31 25
31 118
31 144
31 154
31 223
31 258
31 346
31 424
32 64
32 184
32 204
32 210
32 215
32 227
32 268
32 302
32 309
32 318
32 352
32 376
32 387
32 431
33 3
33 22
33 34
33 97
33 106
33 131
33 148
33 190
33 242
33 360
33 372
33 418
33 450
33 471
34 53
34 123
34 337
34 341
34 414
34 445
35 38
35 70
35 100
35 153
35 170
35 202
35 297
35 333
35 348
35 400
35 425
35 441
35 453
36 18
36 33
36 47
36 93
36 127
36 135
36 139
36 205
36 212
36 219
36 223
36 280
36 328
36 395
37 10
37 59
37 74
37 88
37 195
37 268
37 283
37 288
37 293
37 491
38 23
38 97
38 254
38 258
38 301
38 324
38 359
38 377
38 399
38 450
39 16
39 64
39 118
39 133
39 159
39 164
39 212
39 248
39 271
39 328
39 414
39 419
39 470
40 34
40 39
40 82
40 127
40 184
40 230
40 233
40 256
40 281
40 345
40 355
40 380
40 402
40 484
41 22
41 54
41 88
41 98
41 112
41 155
41 260
41 287
41 299
41 304
41 383
41 390
41 395
41 416
41 449
42 11
42 43
42 122
42 132
42 142
42 162
42 173
42 207
42 217
42 337
42 348
42 360
42 366
43 48
43 73
43 97
43 150
43 184
43 228
43 323
43 330
43 430
43 440
43 488
43 497
44 18
44 40
44 80
44 110
44 117
44 269
44 301
44 306
44 342
44 352
44 382
44 385
44 399
44 492
45 93
45 140
45 153
45 240
45 247
45 287
45 333
45 358
45 363
45 377
45 444
45 450
45 469
46 26
46 58
46 116
46 168
46 182
46 189
46 206
46 215
46 337
46 373
46 433
47 53
47 80
47 98
47 160
47 164
47 308
47 324
47 415
47 425
47 440
48 18
48 64
48 256
48 263
48 289
48 297
48 390
48 394
48 471
48 497
49 8
49 48
49 105
49 178
49 304
49 342
49 404
49 407
49 411
49 418
49 457
49 485
50 89
50 147
50 173
50 201
50 217
50 226
50 237
50 294
50 338
50 354
50 359
50 374
51 17
51 40
51 83
51 93
51 122
51 141
51 154
51 187
51 191
51 210
51 253
51 269
51 286
51 313
51 334
51 394
51 431
52 1
52 118
52 148
52 157
52 176
52 247
52 274
52 300
52 348
52 386
52 418
52 422
52 427
52 468
52 475
52 493
53 29
53 87
53 104
53 133
53 263
53 325
53 356
53 370
53 444
53 449
54 58
54 73
54 79
54 97
54 152
54 225
54 238
54 257
54 267
54 271
54 283
54 320
54 341
54 376
54 399
54 409
54 486
55 21
55 31
55 41
55 69
55 112
55 199
55 211
55 328
55 373
55 413
55 426
55 480
56 2
56 63
56 87
56 96
56 123
56 193
56 295
56 331
56 337
56 394
56 456
56 471
57 8
57 48
57 168
57 172
57 189
57 207
57 216
57 300
57 314
57 318
57 324
57 358
57 399
57 440
57 449
57 475
58 55
58 73
58 131
58 228
58 353
58 390
58 497
59 20
59 31
59 51
59 88
59 157
59 220
59 314
59 365
59 377
59 444
59 458
59 470
60 79
60 98
60 107
60 147
60 171
60 183
60 224
60 238
60 330
60 343
60 411
60 456
61 118
61 133
61 272
61 281
61 292
61 296
61 301
61 322
61 325
61 478
62 48
62 59
62 63
62 112
62 138
62 196
62 213
62 314
62 316
62 338
62 359
62 380
62 394
62 398
62 452
63 32
63 148
63 165
63 227
63 230
63 260
63 264
63 384
63 415
63 447
64 53
64 73
64 83
64 123
64 205
64 211
64 292
64 352
64 404
64 432
65 13
65 87
65 103
65 213
65 223
65 273
65 303
65 327
65 472
65 487
66 78
66 97
66 181
66 238
66 287
66 341
66 377
66 381
66 390
66 443
66 461
67 4
67 38
67 58
67 63
67 159
67 163
67 216
67 266
67 309
67 331
67 348
67 353
67 394
67 430
67 475
67 482
67 493
68 24
68 89
68 103
68 118
68 132
68 137
68 153
68 185
68 241
68 261
68 320
68 439
68 468
69 33
69 55
69 93
69 180
69 202
69 222
69 272
69 291
69 314
69 338
69 453
70 3
70 73
70 212
70 300
70 335
70 346
70 398
70 420
70 448
70 456
70 496
71 10
71 112
71 163
71 189
71 223
71 278
71 323
71 353
71 408
71 415
71 475
72 13
72 34
72 53
72 84
72 110
72 125
72 147
72 233
72 294
72 404
72 423
73 19
73 38
73 63
73 89
73 96
73 210
73 229
73 267
73 284
73 303
73 390
73 394
73 443
73 460
73 478
74 48
74 104
74 118
74 314
74 335
74 362
75 10
75 30
75 41
75 59
75 78
75 154
75 189
75 288
75 321
75 469
76 14
76 35
76 69
76 72
76 89
76 149
76 174
76 198
76 213
76 224
76 276
76 293
76 306
76 333
76 349
76 356
76 415
76 422
76 433
76 473
76 490
77 84
77 167
77 231
77 296
77 363
77 389
77 402
77 409
77 449
78 99
78 144
78 159
78 191
78 244
78 266
78 270
78 280
78 342
78 368
78 416
78 426
78 443
79 113
79 117
79 123
79 136
79 205
79 301
79 348
79 373
79 394
79 448
79 458
79 496
80 36
80 58
80 88
80 96
80 141
80 186
80 198
80 230
81 54
81 63
81 93
81 148
81 201
81 225
81 254
81 293
81 390
81 401
81 477
82 12
82 19
82 49
82 76
82 172
82 176
82 191
82 311
82 322
82 337
82 367
82 377
82 381
82 415
82 422
82 443
82 498
83 25
83 97
83 154
83 264
83 273
83 333
83 350
83 385
84 58
84 82
84 184
84 194
84 216
84 219
84 398
84 401
84 473
85 23
85 87
85 127
85 190
85 223
85 226
85 304
85 326
85 330
85 419
85 446
86 117
86 132
86 136
86 150
86 176
86 236
86 261
86 272
86 294
86 312
86 338
86 370
86 381
86 442
86 458
87 11
87 112
87 277
87 284
87 308
87 439
88 48
88 163
88 172
88 183
88 208
88 257
88 359
88 413
88 484
89 21
89 25
89 34
89 63
89 68
89 87
89 123
89 137
89 243
89 273
89 286
89 307
89 374
89 390
89 421
89 462
89 480
90 2
90 10
90 52
90 97
90 113
90 133
90 199
90 224
90 237
90 261
90 267
90 349
90 403
90 457
91 78
91 93
91 103
91 106
91 109
91 118
91 147
91 186
91 221
91 250
91 295
91 346
91 406
92 40
92 47
92 141
92 177
92 207
92 259
92 384
92 438
93 71
93 154
93 159
93 216
93 271
93 352
93 398
93 426
93 442
93 460
93 470
93 488
94 12
94 192
94 210
94 293
94 327
94 332
94 342
94 357
94 386
94 415
94 482
95 8
95 52
95 126
95 241
95 380
95 420
95 432
95 446
95 476
96 16
96 48
96 67
96 74
96 104
96 113
96 122
96 203
96 227
96 265
96 300
96 346
96 390
96 394
96 462
96 485
97 39
97 88
97 154
97 175
97 258
97 273
97 283
97 316
97 339
97 352
97 367
98 61
98 70
98 97
98 134
98 221
98 269
98 294
98 327
98 344
98 455
99 29
99 32
99 83
99 143
99 146
99 157
99 167
99 197
99 214
99 226
99 233
99 357
99 364
99 380
99 388
99 408
99 414
99 442
100 14
100 54
100 205
100 266
100 304
100 333
100 341
100 353
100 376
100 402
100 460
101 42
101 67
101 77
101 87
101 112
101 134
101 256
101 292
101 307
101 326
101 362
101 386
102 61
102 107
102 117
102 122
102 156
102 175
102 216
102 398
102 438
103 3
103 84
103 146
103 166
103 182
103 204
103 220
103 235
103 277
103 394
103 423
103 479
103 484
104 29
104 48
104 92
104 150
104 172
104 189
104 210
104 328
104 356
104 391
104 419
104 431
104 459
105 97
105 103
105 179
105 229
105 323
105 352
105 398
105 438
105 455
105 475
106 12
106 54
106 142
106 227
106 245
106 288
106 362
106 462
107 8
107 24
107 27
107 82
107 91
107 118
107 301
107 309
107 327
107 402
107 405
107 441
107 459
107 466
108 61
108 113
108 352
108 370
108 433
108 446
108 449
108 478
109 67
109 96
109 108
109 117
109 191
109 251
109 289
109 356
109 364
110 9
110 74
110 166
110 194
110 209
110 212
110 285
110 379
110 399
110 438
111 12
111 29
111 49
111 123
111 143
111 203
111 239
111 298
111 317
111 467
112 53
112 178
112 338
112 352
112 358
112 412
112 418
112 476
113 29
113 77
113 87
113 185
113 192
113 227
113 365
113 373
113 394
113 445
113 451
113 461
114 26
114 117
114 142
114 188
114 198
114 212
114 231
114 291
114 330
115 104
115 114
115 126
115 153
115 173
115 178
115 221
115 240
115 307
115 318
115 400
115 422
115 469
116 49
116 61
116 89
116 191
116 225
116 302
116 417
116 442
117 54
117 97
117 122
117 147
117 187
117 236
117 268
117 276
117 353
117 365
117 403
117 427
117 482
118 33
118 131
118 157
118 174
118 290
118 335
118 361
118 400
118 445
119 11
119 92
119 101
119 118
119 160
119 272
119 315
119 325
119 348
119 431
119 441
120 76
120 87
120 112
120 182
120 196
120 242
120 377
120 486
121 48
121 78
121 124
121 140
121 237
121 266
121 298
121 309
121 331
121 341
121 424
122 66
122 129
122 189
122 255
122 356
122 372
122 390
122 404
123 112
123 132
123 146
123 177
123 243
123 292
123 322
123 384
123 422
123 464
123 489
123 495
124 13
124 49
124 53
124 76
124 97
124 106
124 183
124 222
124 268
124 285
124 312
124 319
124 326
124 401
124 441
124 483
125 26
125 60
125 83
125 117
125 168
125 196
125 257
125 273
125 329
125 339
125 363
125 367
125 371
125 382
125 427
125 473
126 19
126 42
126 70
126 76
126 88
126 111
126 178
126 246
126 264
126 345
126 353
126 417
126 446
127 66
127 187
127 293
127 299
127 302
127 336
127 348
127 403
127 461
127 481
127 486
127 491
128 48
128 122
128 158
128 225
128 239
128 258
128 296
128 322
128 364
129 11
129 28
129 38
129 92
129 109
129 126
129 178
129 182
129 262
129 306
129 342
129 384
129 388
129 396
129 437
130 5
130 141
130 145
130 163
130 185
130 203
130 209
130 350
130 380
130 441
130 447
131 1
131 54
131 80
131 98
131 153
131 257
131 336
131 394
131 412
131 422
131 487
132 19
132 30
132 107
132 118
132 135
132 177
132 298
132 341
132 433
132 450
132 462
133 15
133 49
133 66
133 112
133 151
133 196
133 204
133 274
133 333
133 348
133 378
133 386
133 401
133 482
134 8
134 155
134 165
134 181
134 389
134 417
134 476
135 85
135 98
135 104
135 109
135 129
135 192
135 339
135 405
135 432
135 440
135 446
136 54
136 60
136 76
136 121
136 139
136 173
136 216
136 221
136 236
136 261
136 293
136 317
136 345
136 399
136 467
137 24
137 45
137 81
137 158
137 184
137 195
137 298
137 326
137 426
137 437
138 18
138 66
138 69
138 167
138 241
138 323
138 415
138 421
139 111
139 140
139 155
139 192
139 208
139 250
139 289
139 363
139 367
139 386
139 397
139 460
139 490
140 4
140 26
140 93
140 117
140 170
140 220
140 226
140 261
140 268
140 353
140 391
140 402
141 16
141 21
141 34
141 55
141 101
141 149
141 180
141 199
141 283
141 343
141 373
142 48
142 89
142 112
142 122
142 132
142 160
142 164
142 190
142 202
142 264
142 292
142 345
142 383
143 11
143 43
143 94
143 145
143 184
143 225
143 269
143 356
143 371
143 431
143 440
143 452
143 469
144 22
144 30
144 82
144 141
144 220
144 255
144 278
144 327
144 342
144 376
144 402
144 416
144 437
144 477
145 52
145 74
145 87
145 117
145 155
145 165
145 174
145 322
145 364
145 445
146 159
146 207
146 310
146 314
146 337
146 354
146 373
147 14
147 39
147 93
147 127
147 180
147 243
147 269
147 273
147 278
147 319
147 391
147 407
147 434
147 458
148 78
148 83
148 112
148 147
148 183
148 204
148 223
148 237
148 256
148 287
148 348
148 426
148 484
149 27
149 41
149 51
149 55
149 60
149 69
149 116
149 174
149 234
149 332
149 337
149 352
149 408
149 440
150 3
150 7
150 36
150 87
150 101
150 121
150 156
150 166
150 231
150 329
150 367
150 491
151 97
151 162
151 211
151 306
151 376
151 461
151 473
152 27
152 47
152 73
152 112
152 184
152 194
152 348
152 422
152 431
152 452
153 173
153 188
153 199
153 249
153 381
153 444
154 117
154 166
154 246
154 269
154 330
154 360
154 371
154 384
154 399
154 436
154 474
155 14
155 30
155 36
155 45
155 65
155 74
155 156
155 179
155 209
155 258
155 263
155 281
155 284
155 346
155 403
155 407
155 420
155 440
155 484
156 7
156 60
156 93
156 124
156 133
156 203
156 220
156 367
156 393
156 399
156 414
156 435
156 480
157 3
157 27
157 50
157 103
157 110
157 170
157 272
157 300
158 65
158 176
158 208
158 213
158 263
158 285
158 314
158 328
158 335
158 406
158 444
158 475
158 495
159 35
159 83
159 89
159 116
159 138
159 153
159 180
159 187
159 280
159 296
159 325
159 331
159 363
159 420
159 427
160 231
160 255
160 303
160 318
160 344
160 400
160 410
160 436
161 59
161 76
161 79
161 123
161 159
161 171
161 210
161 217
161 221
161 235
161 250
161 264
161 268
161 377
161 383
161 403
161 417
162 9
162 95
162 101
162 140
162 144
162 193
162 197
162 348
162 439
163 53
163 65
163 110
163 180
163 203
163 279
163 299
163 334
163 340
163 394
163 447
163 468
164 113
164 141
164 161
164 187
164 222
164 261
164 282
164 287
164 316
164 362
164 380
164 408
164 489
165 28
165 36
165 50
165 117
165 125
165 198
165 275
165 376
165 387
165 435
165 461
166 81
166 106
166 120
166 153
166 158
166 167
166 295
166 311
166 395
166 423
166 443
167 64
167 111
167 133
167 142
167 203
167 214
167 308
167 318
167 345
167 349
167 362
167 369
167 419
167 456
168 26
168 53
168 59
168 88
168 97
168 137
168 200
168 207
168 217
168 257
168 267
168 342
168 381
168 408
168 439
169 72
169 152
169 252
169 384
169 402
169 406
169 430
169 446
169 477
170 6
170 22
170 148
170 179
170 212
170 227
170 245
170 261
170 292
170 332
170 337
170 368
170 378
170 435
171 121
171 161
171 182
171 351
171 399
171 471
171 474
172 47
172 59
172 68
172 83
172 91
172 112
172 140
172 283
172 341
172 375
172 396
172 408
172 412
172 428
173 21
173 34
173 117
173 135
173 152
173 224
173 285
173 308
173 311
173 319
173 348
173 352
173 358
173 418
173 435
173 450
174 56
174 64
174 99
174 147
174 172
174 205
174 261
174 277
174 291
174 295
174 324
174 331
174 338
174 390
174 474
175 78
175 175
175 190
175 227
175 282
175 288
175 298
175 398
175 443
175 484
176 83
176 137
176 236
176 371
176 386
176 402
176 435
177 4
177 17
177 27
177 31
177 91
177 211
177 225
177 230
177 250
177 255
177 259
177 263
177 303
177 327
177 331
177 337
177 344
177 462
177 468
177 479
178 59
178 111
178 123
178 205
178 216
178 275
178 280
178 294
178 348
178 376
178 406
178 453
179 12
179 24
179 64
179 117
179 197
179 228
179 362
179 397
180 79
180 133
180 141
180 180
180 190
180 212
180 232
180 255
180 267
180 330
180 384
180 448
181 4
181 36
181 46
181 50
181 88
181 98
181 111
181 175
181 216
181 239
181 270
181 318
181 323
181 326
181 362
181 366
181 369
181 410
182 11
182 121
182 137
182 150
182 204
182 248
182 259
182 274
182 288
182 305
182 309
182 342
182 381
182 438
182 470
183 83
183 106
183 116
183 155
183 196
183 339
183 346
183 386
183 443
183 458
183 475
184 6
184 18
184 23
184 38
184 44
184 58
184 64
184 280
184 335
184 350
185 92
185 206
185 221
185 284
185 300
185 353
185 384
185 397
185 406
185 411
185 420
185 456
186 87
186 102
186 110
186 121
186 160
186 210
186 217
186 230
186 257
186 272
186 304
186 358
186 362
186 434
186 438
186 478
186 496
187 5
187 16
187 32
187 53
187 97
187 135
187 175
187 202
187 247
187 266
187 317
187 342
187 373
187 460
188 116
188 239
188 326
188 345
188 494
189 25
189 50
189 152
189 158
189 233
189 254
189 277
189 408
189 453
189 488
190 6
190 13
190 19
190 31
190 164
190 185
190 209
190 217
190 258
190 287
190 298
190 319
190 336
190 354
190 381
190 388
190 393
190 443
191 37
191 75
191 80
191 86
191 92
191 155
191 228
191 270
191 293
191 301
191 332
191 344
191 350
191 359
191 398
191 430
191 477
192 67
192 130
192 145
192 149
192 173
192 232
192 237
192 280
192 364
192 378
192 406
192 434
192 481
193 27
193 58
193 83
193 97
193 112
193 177
193 263
193 290
193 338
193 360
193 387
193 391
193 437
193 492
194 11
194 49
194 54
194 105
194 116
194 123
194 136
194 152
194 161
194 184
194 190
194 221
194 260
194 271
194 306
194 328
194 346
194 372
195 63
195 146
195 200
195 205
195 210
195 253
195 303
195 342
196 19
196 32
196 41
196 169
196 181
196 194
196 230
196 248
196 268
196 276
196 288
196 295
196 313
196 319
196 368
196 376
196 486
197 49
197 238
197 400
197 490
198 87
198 92
198 109
198 112
198 128
198 176
198 273
198 291
198 300
198 340
198 345
198 350
198 425
198 434
199 19
199 54
199 75
199 78
199 96
199 166
199 207
199 223
199 234
199 255
199 266
199 316
199 329
199 383
199 387
199 428
199 437
199 474
199 496
200 50
200 144
200 181
200 190
200 305
200 390
200 396
200 410
200 422
200 483
201 55
201 63
201 107
201 116
201 210
201 246
201 262
201 310
201 367
201 401
201 452
202 43
202 120
202 140
202 259
202 267
202 291
202 300
202 334
202 357
202 372
202 424
202 466
202 482
202 487
203 33
203 58
203 72
203 75
203 127
203 146
203 157
203 213
203 283
203 296
203 394
203 420
203 433
203 459
203 491
204 85
204 112
204 132
204 151
204 185
204 196
204 201
204 218
204 234
204 238
204 326
204 369
204 381
204 385
205 96
205 138
205 303
205 405
205 427
205 456
206 27
206 48
206 63
206 92
206 122
206 134
206 173
206 215
206 224
206 323
206 377
206 396
207 54
207 66
207 88
207 189
207 250
207 365
207 444
207 480
208 34
208 97
208 103
208 120
208 130
208 136
208 145
208 149
208 170
208 178
208 186
208 232
208 272
208 278
208 293
208 297
208 393
208 411
208 437
208 465
208 491
209 30
209 49
209 78
209 116
209 182
209 266
209 309
209 314
209 340
209 373
209 457
210 70
210 134
210 153
210 175
210 223
210 235
210 326
210 333
210 362
210 378
210 405
210 425
210 433
211 53
211 211
211 355
211 364
211 390
211 448
211 452
211 483
212 27
212 58
212 66
212 91
212 102
212 125
212 129
212 160
212 187
212 262
212 297
212 341
212 377
212 399
212 402
212 469
213 36
213 73
213 140
213 149
213 191
213 258
213 373
213 415
213 433
213 492
214 22
214 87
214 97
214 121
214 134
214 158
214 170
214 178
214 229
214 238
214 264
214 270
214 294
214 304
214 346
214 381
214 443
215 16
215 50
215 63
215 116
215 154
215 199
215 232
215 247
215 287
215 307
215 327
215 369
215 393
215 463
216 54
216 127
216 145
216 166
216 262
216 467
216 497
217 57
217 187
217 215
217 244
217 258
217 359
217 400
217 413
217 429
217 494
218 92
218 136
218 153
218 177
218 219
218 223
218 253
218 404
218 433
218 436
219 10
219 16
219 32
219 103
219 128
219 201
219 209
219 265
219 296
219 323
219 335
219 392
219 442
219 448
219 466
219 486
220 28
220 62
220 116
220 120
220 149
220 167
220 171
220 308
220 338
220 342
220 357
220 363
220 433
220 484
221 19
221 36
221 49
221 97
221 124
221 193
221 243
221 256
221 260
221 264
221 332
221 377
221 395
222 134
222 163
222 199
222 224
222 231
222 302
222 354
222 365
222 385
222 496
223 88
223 109
223 196
223 228
223 369
223 390
223 399
223 413
223 436
224 27
224 35
224 53
224 140
224 144
224 153
224 173
224 189
224 253
224 291
224 406
224 410
224 444
224 447
224 480
224 494
225 70
225 120
225 125
225 376
225 402
226 3
226 57
226 101
226 107
226 134
226 148
226 183
226 209
226 221
226 236
226 274
226 334
226 371
226 381
226 414
226 433
227 16
227 36
227 46
227 115
227 239
227 263
227 284
227 400
227 489
228 26
228 29
228 51
228 62
228 69
228 83
228 97
228 267
228 271
228 360
228 364
228 386
228 395
228 418
228 436
228 449
229 85
229 104
229 111
229 119
229 128
229 149
229 152
229 180
229 197
229 231
229 369
229 390
229 461
230 10
230 93
230 166
230 174
230 200
230 228
230 246
230 311
230 319
230 324
230 376
230 465
230 481
231 36
231 72
231 190
231 194
231 256
231 273
231 278
231 394
231 414
231 443
231 474
231 477
231 488
232 44
232 75
232 260
232 327
232 349
232 405
232 427
233 39
233 48
233 121
233 136
233 143
233 152
233 235
233 266
233 298
233 343
233 364
233 377
233 432
234 112
234 116
234 194
234 216
234 243
234 336
234 352
234 356
234 390
234 400
234 450
234 457
234 490
234 495
235 56
235 81
235 178
235 210
235 223
235 254
235 262
235 276
235 330
235 424
236 31
236 148
236 200
236 280
236 293
236 300
236 310
236 314
236 344
236 374
236 403
236 495
237 53
237 61
237 87
237 91
237 122
237 144
237 168
237 182
237 227
237 237
237 244
237 296
237 323
237 334
237 386
237 427
237 471
238 65
238 83
238 97
238 230
238 248
238 318
238 339
238 356
238 381
238 400
238 439
238 481
239 72
239 135
239 255
239 279
239 283
239 289
239 443
239 494
240 28
240 53
240 178
240 183
240 195
240 245
240 260
240 274
240 325
240 378
240 413
240 432
241 12
241 76
241 148
241 191
241 228
241 236
241 249
241 276
241 306
241 321
241 411
241 451
242 56
242 119
242 138
242 173
242 241
242 366
242 426
242 435
242 492
243 27
243 50
243 61
243 78
243 97
243 112
243 142
243 152
243 199
243 212
243 220
243 252
243 264
243 312
243 329
243 386
243 395
243 423
243 457
243 464
243 476
244 74
244 116
244 162
244 183
244 187
244 192
244 244
244 255
244 408
244 439
244 472
245 24
245 28
245 134
245 148
245 196
245 204
245 240
245 297
245 360
245 379
245 417
246 17
246 20
246 43
246 92
246 122
246 226
246 283
246 288
246 303
246 333
246 369
246 404
247 56
247 110
247 130
247 153
247 165
247 208
247 213
247 251
247 260
247 266
247 270
247 281
247 313
247 323
247 395
247 495
248 11
248 49
248 75
248 190
248 244
248 247
248 276
248 328
248 356
248 364
248 374
248 413
248 420
248 446
249 42
249 92
249 116
249 143
249 147
249 229
249 295
249 306
249 440
249 467
249 475
249 492
250 161
250 185
250 268
250 291
250 396
250 471
251 26
251 82
251 93
251 120
251 151
251 264
251 280
251 323
251 342
251 382
251 488
252 12
252 69
252 110
252 124
252 136
252 140
252 155
252 188
252 192
252 197
252 212
252 231
252 255
252 261
252 345
252 359
252 375
252 386
252 439
252 467
253 52
253 103
253 128
253 160
253 222
253 240
253 251
253 287
253 322
253 327
253 340
253 481
254 15
254 64
254 91
254 97
254 115
254 152
254 208
254 336
254 381
254 447
255 42
255 49
255 61
255 123
255 147
255 175
255 191
255 293
255 355
255 371
255 470
255 487
256 56
256 70
256 195
256 218
256 242
256 311
256 405
256 416
256 451
257 5
257 25
257 33
257 116
257 179
257 201
257 213
257 265
257 299
257 364
258 38
258 73
258 82
258 86
258 209
258 232
258 258
258 296
258 375
258 477
258 497
259 13
259 96
259 135
259 151
259 226
259 244
259 282
259 345
259 352
259 424
259 494
260 41
260 92
260 111
260 218
260 222
260 356
260 386
260 480
261 27
261 60
261 131
261 150
261 160
261 177
261 193
261 205
261 232
261 262
261 267
261 277
261 289
261 295
261 299
261 321
261 338
261 353
261 409
261 431
261 460
262 55
262 116
262 180
262 252
262 312
262 334
262 363
262 415
262 426
262 445
262 486
263 9
263 40
263 97
263 119
263 143
263 147
263 155
263 245
263 330
263 373
263 398
263 450
264 30
264 38
264 197
264 216
264 226
264 281
264 394
264 454
265 111
265 115
265 204
265 208
265 237
265 248
265 269
265 286
265 365
265 421
265 442
265 447
265 493
266 49
266 64
266 74
266 107
266 137
266 150
266 194
266 213
266 219
266 253
266 290
266 306
266 372
266 379
266 397
266 401
266 426
266 435
266 449
266 461
267 55
267 80
267 90
267 97
267 120
267 127
267 133
267 182
267 201
267 258
267 266
267 271
267 298
267 338
267 389
267 453
267 467
268 31
268 60
268 67
268 87
268 165
268 210
268 234
268 277
268 318
268 351
268 358
268 376
269 115
269 244
269 250
269 281
269 299
269 385
269 393
269 415
269 430
269 460
269 472
269 494
270 84
270 88
270 122
270 199
270 217
270 268
270 328
270 362
270 401
270 465
270 476
271 35
271 55
271 60
271 78
271 93
271 97
271 104
271 143
271 203
271 207
271 253
271 283
271 313
271 335
271 381
271 469
272 109
272 119
272 123
272 152
272 189
272 227
272 244
272 263
272 274
272 305
272 330
272 350
272 481
273 50
273 74
273 86
273 134
273 146
273 234
273 309
273 338
273 386
273 408
273 448
273 474
274 115
274 165
274 180
274 198
274 201
274 229
274 329
274 422
274 463
274 486
275 27
275 110
275 205
275 214
275 271
275 314
275 335
275 399
275 453
275 456
275 479
276 44
276 104
276 143
276 187
276 292
276 328
276 342
276 361
276 381
276 442
276 483
276 491
277 15
277 34
277 55
277 81
277 86
277 97
277 121
277 130
277 200
277 216
277 286
277 334
277 386
277 390
277 409
277 430
277 433
277 438
278 25
278 63
278 115
278 134
278 138
278 156
278 212
278 226
278 264
278 296
278 307
278 327
278 366
278 378
278 416
278 425
279 20
279 48
279 147
279 244
279 250
279 323
279 358
279 403
279 456
279 471
279 491
280 9
280 110
280 142
280 150
280 182
280 203
280 208
280 314
280 326
281 16
281 91
281 104
281 219
281 231
281 242
281 301
281 394
282 39
282 79
282 120
282 272
282 325
282 360
282 430
282 437
282 456
282 460
282 487
283 3
283 54
283 60
283 73
283 165
283 215
283 239
283 246
283 266
283 291
283 311
283 321
283 335
283 363
283 414
283 466
284 11
284 23
284 67
284 70
284 97
284 161
284 235
284 257
284 294
284 306
284 351
284 394
284 421
284 475
284 493
285 43
285 49
285 115
285 135
285 146
285 190
285 212
285 400
286 19
286 180
286 188
286 193
286 227
286 348
286 366
286 464
286 468
286 479
287 2
287 8
287 73
287 150
287 159
287 166
287 169
287 203
287 214
287 220
287 233
287 289
287 318
287 322
287 343
287 382
287 418
287 428
288 32
288 81
288 92
288 121
288 142
288 211
288 230
288 248
288 258
288 310
288 337
288 414
288 424
289 49
289 254
289 329
289 358
289 368
289 375
289 394
290 29
290 97
290 114
290 188
290 197
290 238
290 307
290 319
290 476
290 497
291 13
291 17
291 32
291 36
291 87
291 91
291 133
291 186
291 214
291 223
291 242
291 251
291 289
291 298
291 328
291 332
291 340
291 355
291 384
291 438
292 78
292 82
292 139
292 146
292 150
292 177
292 192
292 195
292 281
292 313
292 359
292 422
292 468
293 49
293 173
293 220
293 262
293 286
293 291
293 351
293 383
294 34
294 121
294 142
294 160
294 205
294 226
294 259
294 267
294 277
294 326
294 336
294 390
294 432
295 10
295 16
295 54
295 59
295 63
295 202
295 314
295 341
295 408
295 436
295 493
296 46
296 48
296 110
296 114
296 153
296 168
296 239
296 255
296 265
296 288
296 328
296 365
296 381
296 441
296 450
297 29
297 35
297 97
297 162
297 179
297 186
297 223
297 231
297 350
297 374
297 465
297 471
297 475
297 478
297 489
298 83
298 136
298 159
298 274
298 286
298 335
298 339
298 354
298 404
298 424
298 427
299 11
299 91
299 154
299 174
299 227
299 237
299 323
299 346
299 400
299 438
300 5
300 62
300 132
300 142
300 150
300 326
300 365
300 373
300 394
300 408
300 414
301 14
301 43
301 119
301 230
301 235
301 242
301 250
301 263
301 288
301 306
301 332
301 370
301 382
301 455
302 48
302 53
302 97
302 137
302 145
302 187
302 207
302 279
302 309
302 320
302 353
302 360
302 368
302 398
302 445
303 58
303 66
303 86
303 114
303 200
303 245
303 276
303 343
303 389
303 402
303 412
303 430
304 92
304 122
304 140
304 178
304 308
304 328
304 372
304 484
305 52
305 62
305 79
305 110
305 137
305 237
305 298
305 322
305 465
306 32
306 96
306 114
306 127
306 145
306 206
306 221
306 242
306 269
306 302
306 306
306 335
306 417
307 37
307 87
307 211
307 250
307 277
307 338
307 341
307 371
307 438
307 459
308 58
308 91
308 130
308 150
308 164
308 215
308 246
308 264
308 285
308 384
308 454
308 475
309 30
309 70
309 79
309 122
309 219
309 255
309 259
309 291
309 299
309 314
309 388
309 400
309 409
309 435
310 4
310 10
310 35
310 39
310 83
310 126
310 227
310 242
310 327
310 334
310 372
310 429
310 443
311 56
311 97
311 114
311 151
311 208
311 324
311 470
312 19
312 28
312 50
312 87
312 147
312 167
312 173
312 183
312 199
312 229
312 237
312 249
312 272
312 282
312 297
312 348
312 398
312 421
312 447
313 2
313 42
313 69
313 83
313 102
313 123
313 257
313 300
313 392
313 489
314 16
314 150
314 206
314 217
314 260
314 278
314 314
314 319
314 333
315 7
315 45
315 128
315 175
315 246
315 265
315 274
315 288
315 323
315 329
315 395
315 413
315 433
315 468
316 28
316 57
316 83
316 183
316 228
316 240
316 256
316 268
316 362
316 448
317 2
317 78
317 87
317 115
317 250
317 258
317 377
318 74
318 109
318 121
318 132
318 143
318 263
318 301
318 358
318 403
318 447
318 496
319 20
319 51
319 91
319 136
319 160
319 211
319 267
319 287
319 317
319 339
319 381
319 413
319 417
320 106
320 168
320 196
320 255
320 291
320 337
320 347
320 361
320 369
321 11
321 110
321 203
321 230
321 343
321 351
321 365
321 457
321 460
321 470
322 57
322 67
322 152
322 164
322 175
322 373
322 382
322 430
322 432
323 83
323 211
323 224
323 250
323 292
323 304
323 327
323 368
323 402
323 408
323 495
324 3
324 28
324 50
324 91
324 104
324 131
324 266
324 341
324 485
324 490
325 44
325 115
325 299
325 337
325 344
325 348
325 364
325 405
325 417
325 496
326 56
326 67
326 143
326 179
326 188
326 192
326 195
326 211
326 286
326 290
326 356
326 361
326 409
326 445
326 451
326 459
327 26
327 37
327 74
327 97
327 105
327 118
327 164
327 185
327 224
327 235
327 272
327 368
327 407
327 482
328 3
328 7
328 22
328 51
328 100
328 130
328 174
328 239
328 248
328 268
328 274
328 335
328 383
328 461
329 61
329 92
329 113
329 127
329 282
329 302
329 325
329 387
329 417
329 434
330 177
330 221
330 236
330 271
330 357
330 360
330 380
330 397
330 441
330 464
330 480
331 88
331 136
331 245
331 285
331 299
331 313
331 339
331 401
331 431
331 458
332 6
332 24
332 38
332 91
332 170
332 176
332 392
333 57
333 65
333 183
333 202
333 288
333 317
333 341
334 20
334 167
334 180
334 227
334 282
334 382
334 415
335 4
335 50
335 98
335 122
335 125
335 131
335 146
335 205
335 241
335 255
335 296
335 337
335 348
335 374
335 386
335 405
335 482
336 24
336 38
336 103
336 275
336 287
336 330
336 334
336 378
336 391
336 399
336 477
337 61
337 101
337 116
337 187
337 195
337 280
337 294
337 304
337 383
337 451
338 66
338 87
338 132
338 173
338 179
338 271
338 308
338 420
339 38
339 91
339 125
339 155
339 170
339 205
339 269
339 297
339 313
339 322
339 380
339 385
340 7
340 22
340 50
340 113
340 228
340 246
340 274
340 346
340 383
340 468
340 479
341 14
341 56
341 243
341 309
341 335
341 352
341 495
342 35
342 100
342 130
342 174
342 263
342 285
342 299
342 311
342 315
342 417
342 448
342 457
342 461
343 11
343 119
343 138
343 170
343 202
343 261
343 267
343 275
343 280
343 292
343 321
343 328
343 423
344 7
344 75
344 90
344 143
344 228
344 241
344 259
344 265
344 287
344 296
344 303
344 350
344 362
344 420
345 37
345 61
345 65
345 85
345 183
345 204
345 238
345 307
345 347
345 379
345 429
345 456
345 464
345 468
345 476
346 254
346 261
346 272
346 353
347 10
347 94
347 152
347 168
347 185
347 239
347 252
347 320
347 372
348 269
348 302
348 363
348 383
348 400
348 485
349 79
349 131
349 243
349 272
349 288
349 340
349 434
350 56
350 73
350 191
350 209
350 294
350 323
350 349
350 377
350 403
350 468
351 7
351 24
351 85
351 98
351 107
351 127
351 230
351 264
351 298
351 311
351 331
351 367
352 94
352 112
352 120
352 185
352 225
352 248
352 251
352 290
352 346
353 41
353 61
353 115
353 173
353 263
353 282
353 403
354 124
354 130
354 153
354 301
355 80
355 91
355 155
355 195
355 205
355 232
355 254
355 285
355 319
355 328
355 349
355 432
356 29
356 167
356 177
356 189
356 219
356 246
356 249
356 259
356 298
356 335
356 361
356 492
357 23
357 97
357 134
357 187
357 277
357 376
357 479
357 488
358 38
358 49
358 56
358 76
358 84
358 209
358 230
358 308
358 321
358 427
358 452
359 116
359 162
359 164
359 203
359 287
359 294
359 331
359 373
359 400
359 456
360 70
360 91
360 132
360 191
360 258
360 262
360 409
360 431
360 487
361 73
361 199
361 251
361 283
361 420
361 450
361 466
362 60
362 79
362 91
362 110
362 123
362 207
362 248
362 320
363 69
363 137
363 252
363 306
363 396
363 430
363 471
363 477
363 490
364 34
364 43
364 85
364 134
364 142
364 212
364 242
364 249
364 272
364 313
364 338
364 385
364 433
364 442
364 483
365 2
365 55
365 72
365 160
365 192
365 196
365 266
365 283
365 291
365 298
365 357
365 399
365 414
365 425
366 9
366 41
366 90
366 188
366 263
366 293
366 353
366 361
366 410
366 438
366 472
366 480
367 25
367 37
367 75
367 224
367 239
367 272
367 277
367 324
367 382
368 14
368 60
368 80
368 94
368 108
368 128
368 135
368 150
368 202
368 207
368 219
368 264
368 288
368 333
368 338
368 406
368 477
369 4
369 30
369 49
369 101
369 111
369 124
369 254
369 268
369 305
369 341
369 367
369 488
370 23
370 36
370 120
370 214
370 298
370 338
370 409
370 414
371 12
371 133
371 251
371 283
371 387
371 424
371 493
371 497
372 2
372 6
372 76
372 103
372 121
372 210
372 227
372 240
372 310
372 318
372 331
372 376
372 393
372 427
372 430
372 482
373 55
373 61
373 85
373 112
373 127
373 231
373 267
373 289
373 382
373 473
374 136
374 142
374 197
374 235
374 256
374 338
374 354
374 391
374 412
374 478
375 7
375 26
375 49
375 148
375 169
375 193
375 245
375 268
375 272
375 446
375 495
376 122
376 133
376 165
376 181
376 276
376 294
376 331
376 367
376 395
376 442
376 470
377 3
377 14
377 30
377 60
377 160
377 191
377 225
377 237
377 241
377 254
377 269
377 317
377 341
377 425
377 459
378 78
378 95
378 150
378 169
378 204
378 233
378 257
378 286
378 302
378 323
378 354
378 389
378 408
378 478
379 22
379 83
379 139
379 214
379 217
379 291
379 294
379 299
379 380
379 449
379 459
380 39
380 90
380 100
380 112
380 274
380 332
380 364
380 417
380 469
380 475
381 10
381 67
381 109
381 179
381 226
381 239
381 255
381 283
381 317
381 321
381 336
381 383
381 390
381 410
381 424
382 4
382 19
382 24
382 76
382 145
382 221
382 235
382 251
382 413
383 28
383 55
383 72
383 101
383 113
383 149
383 272
383 278
383 332
384 252
384 275
384 303
384 423
384 426
385 11
385 21
385 35
385 83
385 94
385 111
385 160
385 187
385 289
385 320
385 328
385 392
386 70
386 88
386 123
386 132
386 256
386 379
386 414
386 431
387 120
387 238
387 251
387 300
387 331
387 348
387 372
387 384
387 476
388 17
388 59
388 68
388 75
388 99
388 159
388 163
388 185
388 191
388 274
388 284
388 305
388 339
388 351
388 405
388 481
389 4
389 111
389 146
389 168
389 267
389 295
389 416
389 443
389 477
390 34
390 66
390 105
390 206
390 253
390 257
390 333
390 390
391 48
391 125
391 183
391 196
391 233
391 308
391 341
391 372
392 54
392 85
392 115
392 130
392 189
392 298
392 361
392 385
392 424
392 434
392 456
392 464
392 492
393 72
393 91
393 237
393 258
393 305
393 343
393 375
393 440
393 489
394 43
394 81
394 86
394 100
394 105
394 162
394 227
394 249
394 276
394 287
394 353
394 402
394 449
394 478
394 495
395 67
395 122
395 127
395 148
395 239
395 293
395 307
395 349
395 359
395 363
395 369
395 446
395 462
395 466
395 469
396 19
396 63
396 110
396 115
396 160
396 193
396 282
396 302
396 311
396 393
396 405
396 434
397 5
397 10
397 29
397 49
397 54
397 59
397 72
397 103
397 107
397 130
397 145
397 254
397 262
397 273
397 346
397 355
397 388
397 486
398 96
398 120
398 168
398 246
398 259
398 276
398 297
398 330
398 370
398 413
398 491
399 58
399 165
399 215
399 242
399 317
399 337
399 418
400 67
400 86
400 109
400 118
400 155
400 175
400 202
400 227
400 253
400 324
400 433
400 440
400 468
400 495
401 6
401 24
401 182
401 229
401 244
401 263
401 271
401 308
401 452
402 102
402 119
402 123
402 128
402 178
402 213
402 274
402 301
402 316
402 347
402 357
402 399
402 403
403 81
403 89
403 147
403 168
403 171
403 208
403 234
403 237
403 251
403 280
403 323
403 455
403 491
404 28
404 63
404 73
404 77
404 126
404 205
404 284
404 392
404 416
404 419
404 459
404 476
405 37
405 57
405 137
405 173
405 261
405 289
405 333
405 473
406 115
406 123
407 53
407 144
407 170
407 207
407 241
407 298
407 302
407 308
407 316
407 388
407 406
407 461
408 63
408 81
408 86
408 90
408 116
408 152
408 185
408 223
408 234
408 340
408 346
408 357
408 398
408 430
408 490
408 494
409 49
409 94
409 100
409 107
409 132
409 182
409 191
409 212
409 217
409 276
409 281
409 371
409 380
410 72
410 98
410 129
410 188
410 262
410 265
410 307
410 314
410 389
410 445
411 9
411 39
411 78
411 104
411 119
411 172
411 269
411 303
411 310
411 354
411 360
411 414
411 417
411 454
412 75
412 196
412 213
412 227
412 259
412 296
412 316
412 319
412 324
412 486
413 25
413 30
413 53
413 86
413 114
413 137
413 177
413 222
413 305
413 404
413 410
414 5
414 89
414 95
414 110
414 157
414 186
414 246
414 267
414 272
414 321
414 375
414 451
414 474
415 33
415 134
415 150
415 174
415 281
415 287
415 380
415 401
415 457
415 465
416 61
416 73
416 84
416 171
416 234
416 244
416 248
416 258
416 272
416 412
417 16
417 48
417 56
417 79
417 93
417 118
417 146
417 213
417 229
417 308
417 331
417 365
417 497
418 20
418 138
418 159
418 218
418 253
418 297
418 301
418 305
418 354
418 374
418 484
419 12
419 104
419 121
419 179
419 281
419 291
419 344
419 381
420 16
420 35
420 66
420 110
420 115
420 125
420 206
420 242
420 276
420 393
420 396
420 411
420 422
420 428
420 452
420 470
421 41
421 45
421 273
421 362
421 366
421 377
421 450
421 489
421 497
422 53
422 94
422 135
422 181
422 211
422 234
422 457
422 465
423 100
423 103
423 106
423 208
423 218
423 246
423 261
423 295
423 373
423 413
423 417
423 454
423 470
423 478
423 492
424 39
424 48
424 153
424 175
424 178
424 184
424 236
424 278
424 338
424 409
425 5
425 15
425 125
425 129
425 139
425 156
425 254
425 299
425 326
425 447
425 472
426 1
426 53
426 83
426 121
426 133
426 190
426 248
426 258
426 275
426 304
426 377
426 381
426 483
427 169
427 179
427 182
427 221
427 266
427 283
427 289
427 344
427 351
427 373
427 390
427 405
427 411
427 421
427 452
428 36
428 48
428 59
428 128
428 147
428 297
428 384
428 465
428 487
429 39
429 120
429 262
429 415
429 473
430 8
430 99
430 133
430 207
430 211
430 257
430 267
430 335
430 426
430 431
430 447
430 456
430 467
431 5
431 130
431 187
431 217
431 289
431 301
431 305
431 314
431 332
431 339
431 403
431 435
431 438
431 441
431 452
431 476
432 81
432 124
432 151
432 190
432 231
432 326
432 392
432 422
432 483
432 492
433 32
433 55
433 117
433 141
433 227
433 242
433 275
434 49
434 112
434 181
434 193
434 233
434 256
434 284
434 309
435 2
435 90
435 120
435 145
435 340
435 344
435 432
436 38
436 54
436 124
436 266
436 273
436 306
436 348
436 353
436 446
436 483
437 33
437 186
437 293
437 380
437 387
437 391
437 420
437 428
437 487
437 489
438 28
438 110
438 277
438 290
438 327
438 334
438 383
438 425
439 95
439 113
439 120
439 199
439 237
439 403
439 410
440 26
440 134
440 141
440 182
440 215
440 220
440 261
440 280
440 406
440 449
440 473
441 29
441 60
441 68
441 109
441 234
441 256
441 364
441 370
441 461
442 40
442 75
442 79
442 118
442 158
442 213
442 251
442 311
442 350
442 353
442 360
442 368
442 390
442 394
442 477
443 7
443 24
443 53
443 64
443 93
443 169
443 190
443 198
443 227
443 263
443 283
443 289
443 332
443 339
443 470
444 3
444 150
444 179
444 194
444 243
444 298
444 386
444 398
445 121
445 129
445 175
445 186
445 200
445 237
445 260
445 281
445 450
445 467
446 26
446 71
446 81
446 102
446 106
446 140
446 220
446 264
446 292
446 341
446 353
446 382
446 394
447 22
447 59
447 69
447 77
447 267
447 325
447 345
447 400
447 428
447 458
447 488
448 116
448 120
448 172
448 176
448 195
448 270
448 391
448 452
449 96
449 129
449 135
449 147
449 280
449 307
449 351
449 385
449 402
449 485
449 495
450 70
450 189
450 207
450 274
450 291
450 297
450 301
450 381
450 432
450 460
450 479
451 24
451 51
451 61
451 73
451 122
451 137
451 186
451 226
451 242
451 282
451 318
451 328
451 347
451 387
451 398
451 492
452 19
452 44
452 84
452 117
452 190
452 233
452 408
452 486
453 78
453 134
453 169
453 272
453 288
453 305
453 329
453 416
454 3
454 130
454 145
454 197
454 211
454 215
454 241
454 322
454 370
454 443
454 490
455 100
455 148
455 189
455 319
455 374
455 387
455 421
455 452
455 468
456 67
456 142
456 171
456 179
456 267
456 331
456 348
456 399
456 417
457 39
457 194
457 248
457 288
457 326
457 371
457 378
457 414
457 455
458 9
458 98
458 128
458 139
458 147
458 191
458 201
458 243
458 294
458 410
458 488
459 101
459 182
459 262
459 284
459 323
459 329
459 386
459 395
459 422
459 443
460 20
460 92
460 118
460 265
460 349
460 380
460 492
461 2
461 54
461 104
461 136
461 167
461 221
461 246
461 430
461 460
461 481
462 29
462 63
462 88
462 99
462 146
462 233
462 277
462 434
462 446
463 15
463 51
463 94
463 108
463 112
463 152
463 210
463 219
463 228
463 237
463 240
463 311
463 316
463 371
463 375
463 393
463 396
463 420
463 457
463 496
464 120
464 179
464 199
464 203
464 268
464 291
464 296
464 301
464 351
464 412
464 493
465 55
465 131
465 143
465 193
465 207
465 386
465 447
466 88
466 107
466 113
466 158
466 201
466 226
466 256
466 283
466 374
467 51
467 75
467 128
467 150
467 169
467 198
467 223
467 274
467 433
467 495
468 7
468 62
468 71
468 137
468 202
468 264
468 270
468 388
468 391
468 404
468 459
468 463
468 492
469 39
469 85
469 112
469 118
469 260
469 275
469 300
469 305
469 322
469 331
469 368
469 398
470 3
470 10
470 120
470 226
470 363
470 372
470 376
470 390
470 401
470 408
470 426
470 446
470 472
471 26
471 30
471 125
471 148
471 185
471 195
471 266
471 272
471 280
471 296
471 315
471 353
471 414
471 431
471 452
472 57
472 60
472 100
472 137
472 145
472 170
472 179
472 209
472 230
472 344
472 386
472 440
472 485
473 36
473 39
473 74
473 92
473 97
473 118
473 133
473 197
473 213
473 222
473 246
473 301
473 392
473 396
473 408
474 19
474 25
474 66
474 110
474 114
474 129
474 162
474 319
474 412
474 452
475 47
475 51
475 62
475 81
475 85
475 123
475 156
475 208
475 230
475 234
475 272
475 311
475 323
475 353
475 372
476 3
476 55
476 107
476 139
476 154
476 166
476 176
476 201
476 220
476 247
476 280
476 384
476 402
476 495
477 14
477 20
477 23
477 27
477 70
477 100
477 119
477 132
477 192
477 316
477 325
477 338
477 343
477 365
477 368
477 378
477 387
478 9
478 32
478 41
478 129
478 195
478 207
478 227
478 288
478 290
478 309
478 329
478 352
478 355
478 383
478 438
478 445
478 463
478 469
478 472
479 50
479 97
479 123
479 141
479 169
479 215
479 234
479 271
479 302
479 360
479 386
479 399
479 429
479 448
479 452
480 38
480 56
480 78
480 82
480 118
480 179
480 230
480 313
480 319
480 389
480 414
480 496
481 23
481 44
481 305
481 309
481 385
481 424
482 28
482 109
482 147
482 210
482 214
482 225
482 251
482 270
482 343
482 367
482 381
482 394
482 401
482 455
483 4
483 36
483 47
483 76
483 125
483 350
483 384
483 415
483 429
483 477
484 59
484 68
484 71
484 78
484 106
484 171
484 193
484 215
484 278
484 402
484 467
484 471
484 495
484 498
485 12
485 20
485 41
485 52
485 134
485 200
485 207
485 227
485 299
485 344
485 427
485 432
485 486
486 9
486 30
486 120
486 180
486 268
486 279
486 282
486 305
486 330
486 351
486 464
487 36
487 47
487 82
487 116
487 126
487 202
487 241
487 262
487 275
487 366
487 382
487 400
487 413
488 187
488 243
488 286
488 297
488 307
488 326
488 362
488 378
488 385
488 416
488 483
489 55
489 130
489 199
489 220
489 224
489 303
489 314
489 322
489 390
489 497
490 44
490 59
490 141
490 151
490 159
490 167
490 261
490 265
490 277
490 281
490 384
490 438
490 454
491 116
491 147
491 235
491 271
491 330
491 352
491 356
491 377
491 380
491 421
491 465
492 53
492 184
492 210
492 348
493 34
493 38
493 62
493 81
493 90
493 130
493 146
493 204
493 219
493 233
493 265
493 301
493 360
493 403
493 415
493 430
493 436
493 468
494 70
494 119
494 155
494 224
494 319
494 408
495 14
495 29
495 49
495 58
495 74
495 86
495 108
495 114
495 145
495 187
495 197
495 229
495 250
495 253
495 298
495 323
495 341
495 375
496 20
496 53
496 111
496 126
496 171
496 236
496 277
496 279
496 283
496 394
496 457
497 81
497 194
497 265
497 309
497 313
497 357
497 381
497 429
497 436
497 495
498 224
498 228
498 239
498 263
498 377
498 400
498 466
498 483
498 490
2 330
104 74
104 265
334 306
358 444
370 260
1 130
1 468
1 476
2 193
2 211
2 257
2 494
3 122
3 239
3 243
3 263
4 250
5 172
5 224
5 369
6 97
6 446
6 458
7 148
7 200
7 307
7 310
7 412
8 249
8 472
9 30
9 106
9 279
9 283
10 135
10 493
12 12
12 176
13 75
13 263
13 400
14 65
14 169
14 316
14 412
14 468
15 6
15 198
15 457
16 231
16 250
16 267
16 485
17 174
17 355
17 461
17 480
18 494
19 59
19 328
19 441
20 286
21 211
21 216
21 230
22 196
22 226
22 362
22 374
22 472
23 267
24 174
24 485
25 333
26 184
27 195
27 324
27 431
27 494
28 243
28 266
28 317
28 375
29 31
29 220
29 264
29 407
30 166
30 323
30 333
30 423
31 26
31 137
31 352
32 35
32 97
32 372
33 2
33 113
33 282
33 332
33 376
34 297
34 348
34 472
35 123
35 174
35 304
35 367
36 13
36 37
36 140
36 269
37 27
37 275
37 462
38 306
39 184
39 485
40 118
40 132
40 213
41 35
42 10
42 26
42 123
42 161
42 260
43 74
43 172
43 227
43 307
44 333
45 134
46 205
46 235
47 129
47 263
47 283
47 350
47 429
47 472
48 178
48 303
48 366
49 250
49 379
49 406
50 105
50 210
50 322
51 167
51 188
51 217
52 229
52 262
52 299
52 449
53 10
53 195
53 258
53 309
54 183
54 408
54 427
55 32
55 234
55 337
57 131
57 190
57 279
57 418
57 471
58 207
58 318
58 498
59 37
59 73
59 202
59 354
59 368
60 22
60 172
60 292
60 329
62 226
63 138
63 219
63 338
64 12
64 21
64 165
64 247
64 353
64 477
66 39
66 348
66 430
66 460
67 147
67 361
68 17
68 48
68 163
68 262
68 338
68 394
69 142
69 201
69 227
69 229
69 420
69 469
70 180
70 222
71 156
71 367
72 14
72 131
72 148
72 452
73 233
74 10
74 140
74 153
74 211
75 6
75 104
75 136
75 182
75 262
76 15
76 199
76 380
76 382
76 477
76 491
77 35
78 6
78 192
78 250
78 410
78 458
78 497
79 122
79 256
79 342
80 136
80 185
80 213
81 312
81 327
82 161
82 338
83 275
83 298
83 480
84 227
86 223
86 295
86 304
86 447
87 12
87 150
87 186
87 312
88 14
88 286
88 489
89 142
89 433
89 485
90 9
90 122
90 225
90 334
90 346
90 389
90 456
90 476
92 93
92 186
92 247
92 257
92 365
92 470
93 191
93 260
93 304
93 309
94 240
94 343
95 7
95 78
95 202
95 226
95 332
95 345
95 447
96 140
96 372
97 398
98 146
98 295
98 362
99 304
99 310
99 345
99 381
100 28
100 92
100 112
100 206
101 26
101 193
101 367
102 292
102 307
102 489
103 122
103 459
104 83
104 147
104 149
104 358
105 172
105 195
105 287
106 39
106 246
106 257
106 318
106 378
107 12
107 467
108 112
109 20
109 248
110 167
110 195
110 211
110 221
110 342
110 380
111 122
111 488
112 81
112 177
112 323
112 351
112 451
112 483
112 496
114 113
114 141
114 307
114 469
115 381
116 187
116 224
116 301
116 318
117 290
117 437
117 461
117 497
118 446
119 182
119 196
119 400
120 229
120 430
121 23
121 280
121 340
122 213
122 298
122 384
122 423
123 390
123 463
124 234
124 367
125 157
125 313
125 319
125 353
125 409
126 34
126 372
126 382
126 427
126 480
127 243
127 337
127 404
128 363
128 460
130 31
130 253
131 145
134 104
134 112
135 143
135 431
136 25
137 44
137 139
137 168
137 200
137 297
137 317
137 325
138 135
138 379
138 422
139 226
139 354
139 368
139 461
140 390
140 473
141 105
141 383
142 100
142 131
142 309
143 270
144 5
144 155
144 221
144 357
144 476
144 486
146 266
146 322
147 147
148 14
148 49
148 184
148 273
149 26
149 427
150 289
150 361
151 472
152 349
152 418
152 423
153 150
154 263
154 380
155 155
155 226
155 240
155 398
155 408
156 45
156 479
157 49
157 111
157 475
158 262
158 272
158 300
158 336
159 166
159 281
159 344
159 463
160 377
160 435
161 75
161 247
162 171
162 334
162 384
162 403
163 179
164 340
165 158
165 423
166 121
166 142
167 307
167 370
167 457
168 98
168 362
169 22
169 292
169 460
170 152
170 228
170 246
170 367
170 476
171 321
172 46
172 111
172 347
173 157
173 207
173 290
174 78
174 278
175 261
175 439
175 460
175 474
176 16
176 23
176 82
176 387
176 483
177 402
178 12
178 197
178 249
178 407
179 475
180 68
180 362
181 3
181 211
181 266
181 297
181 317
181 470
182 161
182 217
182 247
182 270
182 483
183 225
183 275
183 289
183 417
183 444
184 24
185 18
185 160
185 164
186 211
186 216
186 258
186 305
186 317
186 357
186 363
186 367
187 54
187 87
187 438
189 49
189 278
189 345
189 417
190 30
190 72
190 163
190 218
190 254
190 270
191 106
191 300
191 314
192 141
192 155
192 331
193 111
193 438
193 481
194 104
194 162
194 391
195 145
195 221
196 382
196 490
197 41
198 23
198 28
198 256
198 418
199 272
199 330
199 414
200 54
200 116
200 121
200 166
200 316
200 496
201 5
201 27
201 423
202 29
202 310
202 454
203 357
204 79
204 260
204 342
205 327
206 208
206 427
207 67
207 245
207 287
208 373
208 386
208 410
209 34
209 75
209 79
209 339
209 360
209 368
210 236
210 356
210 406
211 19
211 129
211 187
211 216
212 57
212 106
212 257
212 420
213 263
213 280
214 287
214 484
215 23
215 42
215 158
215 292
216 330
216 349
217 73
217 77
218 284
218 318
219 43
219 57
219 102
219 107
219 120
219 352
219 432
220 15
220 49
221 71
222 193
222 370
223 45
223 87
223 163
223 170
223 223
223 391
223 452
223 495
225 66
225 377
226 382
226 432
227 401
228 41
228 197
228 461
229 110
229 227
229 232
229 368
229 386
229 436
229 466
230 201
230 278
230 474
231 312
232 43
232 267
232 395
232 487
234 195
234 210
234 357
235 111
235 164
235 281
235 360
235 390
235 419
235 460
235 490
235 494
236 48
236 222
236 261
237 174
238 334
238 440
238 482
239 26
239 358
240 275
241 38
241 138
241 227
242 249
242 350
243 128
243 143
243 200
244 111
244 188
244 275
245 256
245 288
245 292
245 440
246 196
247 283
247 309
248 12
248 143
248 182
248 251
248 327
249 267
249 446
250 35
250 202
250 243
250 475
251 318
251 343
251 487
252 26
252 440
253 32
253 239
253 302
253 456
254 16
254 296
254 355
255 370
255 383
256 55
256 143
256 191
256 253
257 232
257 452
258 435
258 484
258 498
259 163
260 13
260 28
260 151
260 187
260 385
261 204
261 357
262 339
262 364
262 391
262 491
263 39
263 168
263 197
263 308
263 452
264 354
265 410
265 461
266 86
266 151
266 365
266 448
267 40
267 91
267 339
267 450
268 271
269 234
269 473
270 172
270 195
270 327
270 400
270 464
270 477
271 79
272 408
272 470
273 147
273 165
273 485
274 181
274 277
274 423
275 272
275 381
275 491
276 170
276 397
277 82
277 104
277 241
277 328
277 391
278 350
278 409
278 415
278 438
279 35
279 366
280 69
280 151
281 109
281 326
282 362
282 375
282 465
282 482
283 22
283 245
283 271
283 422
283 446
284 54
285 48
285 179
285 189
285 227
285 399
285 471
286 281
286 372
286 378
287 32
287 68
287 158
287 165
287 200
287 390
287 429
287 434
287 479
288 191
288 270
288 303
288 413
289 491
290 23
290 237
291 182
291 314
291 319
291 439
292 186
292 194
292 280
292 287
292 298
292 384
292 394
292 418
293 33
293 407
294 342
295 325
295 336
296 314
296 393
297 187
297 232
297 410
297 476
298 160
298 323
298 428
299 5
299 39
299 73
299 394
299 404
300 26
301 62
301 289
301 373
302 455
303 14
303 398
303 450
304 165
304 174
304 345
305 220
305 297
306 29
306 222
306 316
307 206
307 306
308 149
308 193
308 331
308 353
309 434
309 475
310 347
310 371
310 464
311 10
311 87
311 242
311 297
311 302
311 379
311 443
312 138
312 152
312 230
313 258
313 447
314 287
314 300
314 329
314 358
314 382
314 489
315 149
315 338
315 351
315 453
316 27
316 34
316 36
317 75
317 179
317 189
317 232
317 429
317 447
318 108
318 357
318 387
318 435
319 30
319 143
319 164
319 286
319 347
319 380
319 396
319 461
320 6
320 186
320 195
320 457
321 67
321 175
321 199
322 83
322 109
322 211
322 218
322 289
322 470
323 20
323 430
324 79
324 147
324 252
324 381
324 400
324 407
324 424
324 495
325 103
325 336
325 445
327 86
327 119
327 210
327 273
327 289
328 2
328 267
328 283
328 393
329 160
329 200
329 229
329 244
329 306
329 433
329 489
330 324
330 457
331 216
331 221
332 317
332 483
333 66
334 99
334 179
334 226
334 398
334 414
335 161
335 297
335 409
335 437
335 481
336 102
336 451
337 117
337 219
337 262
338 67
338 195
338 245
338 294
338 381
338 442
339 154
340 141
340 347
340 367
340 467
340 475
341 228
341 357
342 184
342 262
342 382
343 189
343 244
343 472
344 28
344 258
344 266
344 372
345 38
345 103
345 115
345 197
345 208
345 241
345 339
346 204
346 222
346 262
346 354
346 378
346 468
347 15
347 93
347 126
347 186
347 401
347 406
347 452
348 111
348 268
348 364
348 384
349 26
349 132
349 294
349 302
350 243
350 348
351 8
351 176
351 252
352 107
352 140
352 332
353 376
353 402
354 442
354 460
355 162
355 245
355 259
355 306
355 314
355 390
355 492
356 151
356 328
356 336
356 356
356 398
356 474
357 141
357 173
357 188
358 229
358 485
359 115
359 163
359 214
359 401
360 14
361 91
361 140
361 470
362 450
362 490
362 494
363 166
363 248
363 455
364 192
364 253
364 287
364 357
365 85
365 98
365 272
365 285
366 371
367 69
367 80
367 263
367 377
368 107
368 254
368 268
368 404
368 488
369 96
369 366
369 397
369 445
370 35
370 66
370 91
370 162
370 284
370 493
371 102
371 120
371 431
373 6
373 39
373 189
373 256
373 325
373 482
374 84
374 245
374 267
374 413
374 437
375 277
375 406
375 426
375 442
376 160
376 193
376 268
377 122
377 181
377 253
377 263
377 434
377 479
378 217
378 232
378 280
379 150
379 182
379 213
379 242
379 258
379 323
380 10
380 327
380 365
380 396
381 20
381 82
381 130
381 149
381 178
381 225
382 77
382 114
382 255
382 271
382 360
382 454
383 110
383 221
383 423
383 449
383 485
383 489
384 217
384 427
384 447
385 127
385 321
386 95
386 188
386 224
386 348
387 69
387 99
388 91
389 28
389 252
389 351
389 481
390 261
390 417
390 451
390 491
391 115
391 195
391 456
393 281
393 299
394 166
394 222
395 163
395 301
395 311
395 364
395 449
396 209
396 262
396 339
396 387
396 430
396 435
397 28
397 73
397 169
397 229
397 405
397 487
398 292
398 298
398 444
398 448
399 190
399 259
399 325
399 336
400 137
400 243
400 271
400 456
401 93
401 128
401 167
401 228
401 252
401 307
401 428
401 434
402 41
402 118
402 291
402 456
403 172
403 260
403 284
404 89
404 393
404 483
405 36
405 169
405 220
405 332
405 360
406 316
406 419
406 479
407 228
407 297
407 387
409 108
409 167
409 171
409 189
410 1
410 73
410 444
411 129
411 209
411 250
411 302
411 315
411 359
412 31
412 68
412 86
412 177
412 487
413 173
413 246
413 258
414 10
414 143
414 334
415 61
415 96
415 416
415 452
415 458
416 47
416 134
416 170
416 308
417 3
417 218
417 253
417 366
417 394
417 498
418 142
418 214
418 290
418 325
418 344
419 120
419 180
419 415
420 41
420 350
421 28
421 46
421 110
421 277
421 294
421 308
421 318
421 449
421 498
422 198
422 219
422 273
422 410
423 99
423 235
423 278
424 174
424 473
425 38
425 362
425 431
426 15
426 170
427 147
427 377
427 408
427 422
427 487
428 79
428 166
428 251
428 464
429 28
429 40
429 98
429 261
429 267
429 411
429 468
430 74
430 129
430 315
431 211
432 217
432 221
432 290
432 331
433 59
433 194
433 200
433 249
433 361
433 371
434 255
434 310
434 462
435 113
435 163
435 284
435 456
436 339
436 380
437 28
437 77
437 125
437 178
437 194
437 267
437 294
437 334
437 429
437 483
437 488
439 46
439 154
439 358
439 449
440 109
440 113
440 170
440 183
440 216
440 256
440 437
441 158
441 363
441 369
441 406
442 29
442 33
442 97
442 315
442 461
444 65
444 190
444 199
444 263
444 333
445 17
445 163
445 225
445 280
445 412
446 22
446 89
446 260
447 76
447 102
447 120
447 356
447 422
447 489
448 308
448 321
448 453
449 42
449 176
449 194
449 337
449 377
449 403
449 410
450 123
450 200
450 281
451 32
451 109
451 162
451 190
452 24
452 118
452 329
452 347
452 472
453 39
453 85
453 294
454 2
454 36
454 81
454 433
455 101
455 141
455 152
455 240
455 260
456 46
456 248
456 266
456 349
456 404
457 59
457 106
457 205
457 231
457 410
457 435
457 456
458 30
458 200
458 372
459 442
460 290
460 323
460 360
461 277
461 434
462 28
462 73
462 153
462 167
462 232
462 240
462 258
463 46
463 120
463 297
463 344
463 397
463 411
463 447
463 461
464 178
464 290
464 363
464 379
464 405
465 142
465 351
466 18
466 103
466 347
467 8
467 127
467 136
467 222
467 234
467 326
468 39
468 111
468 198
468 242
468 482
469 418
469 426
470 47
470 260
470 315
470 336
471 57
471 186
471 226
471 287
471 432
472 98
472 173
472 210
472 222
472 280
472 452
473 66
473 245
473 407
474 31
475 8
475 110
475 276
475 322
475 464
476 182
476 348
477 22
477 62
477 131
477 167
477 383
477 391
477 434
478 33
478 70
478 302
478 325
479 159
479 207
479 216
479 329
479 351
479 359
480 141
481 28
481 56
481 134
481 156
481 313
481 389
482 103
482 175
482 415
483 5
483 219
483 380
483 467
483 498
484 77
484 143
484 188
484 428
484 463
485 51
485 305
485 433
485 491
486 88
486 236
487 46
487 70
487 378
487 399
488 77
488 82
488 98
488 224
488 242
488 412
488 497
489 12
489 136
489 297
489 345
489 385
490 280
490 358
490 439
491 44
491 151
492 20
492 179
492 211
492 271
492 388
493 61
493 155
493 203
493 223
493 469
494 14
494 49
494 323
494 340
494 407
495 66
495 411
496 244
496 269
496 278
497 163
497 171
497 382
497 394
497 437
498 265
498 302
1 273
5 300
7 323
8 487
13 313
21 272
23 368
25 98
27 231
41 69
44 439
45 69
56 47
60 316
65 183
65 247
66 325
67 429
68 68
74 212
75 117
75 388
78 111
83 68
84 322
84 332
87 286
87 356
89 111
91 25
91 67
95 105
103 247
107 436
115 355
117 60
117 436
119 66
121 405
123 147
124 98
124 286
126 36
128 13
128 110
128 396
134 365
139 258
140 447
145 94
147 117
156 116
158 153
158 376
161 246
164 185
169 88
169 203
180 57
184 405
189 207
192 423
193 85
193 116
195 180
196 341
199 239
200 223
204 404
207 14
211 115
213 389
223 77
223 195
233 451
235 347
238 116
239 442
242 85
246 28
246 202
250 83
253 26
257 115
263 232
265 285
266 10
267 250
270 59
270 280
274 490
279 487
286 342
286 391
286 470
290 446
291 178
292 84
297 114
299 159
301 429
302 251
303 20
303 453
309 410
312 206
313 380
317 495
322 29
324 431
329 249
329 467
332 475
342 20
342 176
346 104
348 122
353 146
355 153
361 366
364 450
365 167
370 297
372 226
372 234
377 61
379 90
379 102
383 385
383 497
384 289
384 304
386 11
390 368
392 123
392 457
393 470
397 424
401 59
402 211
403 75
403 393
408 235
410 14
415 295
417 207
423 226
423 455
425 212
426 291
428 438
429 295
429 427
431 33
432 300
432 308
437 36
438 26
444 227
446 86
449 365
455 299
459 285
461 242
469 307
474 255
477 146
483 208
487 396
490 308
493 106
495 126
498 314
12 39
17 202
20 317
33 331
44 46
59 54
62 490
63 86
63 117
64 451
89 99
100 99
111 277
122 18
129 435
168 446
188 325
209 395
212 7
219 281
231 325
238 2
238 317
267 300
289 91
298 436
327 199
339 459
342 360
349 339
350 162
351 133
355 39
360 229
370 182
379 358
393 220
394 324
401 99
422 369
424 67
424 171
426 196
435 166
444 420
451 177
452 90
454 419
461 440
462 300
467 63
474 199
481 49
482 247
485 435
1 227
4 46
6 174
6 371
9 110
10 162
12 5
12 210
20 45
20 379
21 471
22 140
23 370
23 454
24 30
30 10
31 117
34 109
34 140
35 377
36 323
37 18
38 470
42 53
44 201
46 140
47 33
52 329
53 196
54 34
54 387
54 453
55 482
59 18
60 100
61 291
61 375
65 9
65 346
66 246
66 452
67 192
71 313
74 213
74 234
74 303
75 250
77 484
82 331
82 387
83 402
85 196
86 16
86 243
88 137
89 366
90 312
90 452
92 46
92 288
94 86
95 32
98 252
102 388
104 46
105 443
108 209
110 240
110 451
111 99
111 218
111 401
112 30
113 402
116 8
116 266
118 194
119 333
120 164
123 450
124 388
125 286
126 378
127 34
129 125
129 358
132 332
133 415
134 278
134 466
134 477
135 23
138 199
138 316
139 389
142 87
142 344
143 30
143 141
144 7
145 417
145 434
146 321
147 332
148 496
149 308
150 185
152 142
152 267
153 33
156 487
157 222
158 87
158 124
159 42
159 340
160 304
161 283
162 203
162 295
164 159
164 321
165 80
167 177
167 374
167 401
172 199
174 370
176 389
177 108
178 189
179 468
180 231
182 278
183 380
184 21
184 99
184 316
184 338
185 214
185 240
186 351
187 136
188 369
190 251
190 356
194 47
194 400
196 124
196 340
199 392
201 192
202 266
205 213
205 231
206 465
207 273
208 275
208 302
209 98
209 482
211 90
212 179
212 265
215 156
216 135
216 306
217 157
217 462
218 187
219 254
219 384
220 341
220 353
220 490
221 445
222 196
223 180
224 273
225 480
226 220
230 280
230 400
231 339
233 32
235 180
237 90
240 355
241 212
241 296
241 308
241 336
242 18
242 38
242 223
242 263
243 465
245 77
245 98
248 383
248 399
249 33
250 344
252 282
252 361
253 8
253 269
254 90
259 189
260 253
260 276
260 445
261 123
261 453
262 198
262 264
264 219
265 467
267 473
270 2
270 76
271 268
271 484
272 216
272 309
272 361
272 463
272 487
275 250
276 475
280 289
282 76
282 122
283 204
284 302
286 134
286 221
287 315
287 326
290 178
293 155
294 76
295 308
296 199
298 178
298 265
300 7
300 159
300 243
302 281
303 76
303 210
303 407
305 290
306 122
308 182
309 472
310 250
311 393
312 191
313 126
318 141
318 334
321 99
322 5
322 438
323 111
323 449
325 273
325 310
328 75
330 234
330 250
330 290
331 430
334 23
334 310
336 194
337 321
338 218
340 328
341 279
342 31
344 48
346 78
346 248
349 317
350 304
351 188
351 257
352 48
354 77
356 424
357 100
357 295
358 316
359 254
359 264
363 460
364 322
365 314
368 9
368 77
368 279
368 334
371 129
373 472
374 47
378 275
379 319
380 466
384 349
386 77
388 414
389 310
393 54
393 238
396 141
399 155
401 424
404 32
404 267
404 276
404 325
405 34
405 482
407 140
407 243
409 285
409 473
410 217
411 489
412 14
416 11
416 342
419 326
419 483
420 13
422 26
422 189
422 244
423 260
424 455
425 36
425 346
426 400
427 139
428 447
429 266
430 33
431 2
432 287
432 430
433 153
435 252
437 26
437 268
438 36
439 438
443 292
443 375
448 65
449 274
451 126
451 435
452 102
452 140
453 218
454 110
454 162
454 228
454 341
455 485
456 24
457 239
458 172
458 387
460 120
461 14
461 314
461 494
463 109
464 476
467 101
467 266
467 276
469 320
470 142
470 151
471 214
471 382
472 332
474 78
475 174
477 69
477 125
477 145
482 317
484 7
484 259
485 301
487 121
488 60
488 97
488 355
490 372
491 176
491 272
493 339
496 75
496 125
496 150
497 369
6 237
30 128
41 195
46 327
54 128
89 19
99 216
102 127
120 432
132 467
165 75
172 304
201 251
205 495
207 418
217 49
228 16
244 17
265 16
265 310
319 18
336 172
337 205
383 66
413 161
418 12
8 238
9 417
13 181
40 325
47 212
53 315
60 467
63 416
71 319
72 215
83 345
85 259
85 261
100 19
103 237
109 141
120 416
132 481
133 237
143 86
147 366
150 268
150 469
156 174
158 19
159 487
173 415
178 337
179 254
182 468
186 352
189 101
191 5
191 311
197 46
204 252
205 498
209 101
213 199
215 255
237 1
241 381
244 265
253 413
258 452
259 254
262 224
266 480
272 175
276 136
276 218
278 473
282 412
297 383
305 229
312 185
314 418
315 340
316 102
316 305
321 4
323 115
333 158
346 166
362 241
365 242
366 484
368 258
372 159
378 86
380 308
382 250
385 335
385 490
399 76
400 139
405 439
410 465
415 338
421 179
424 35
427 454
431 154
442 202
456 27
465 187
469 79
479 423
481 144
487 185
488 162
496 295
14 471
32 295
88 416
113 3
117 469
160 309
174 3
181 373
205 466
239 214
245 339
275 384
289 156
317 322
365 183
392 267
440 202
455 306
459 466
461 467
